18
-60
-245
11
345
-208
-1382
318
885
336
-1326
-636
1372
3346
3241
1265
3686
8708
14748
14679
7198
-4540
-9950
-4636
8010
14094
7104
-6668
-12364
-8161
-409
2368
3223
5818
10897
7207
-4939
-10545
-1602
14434
22554
16181
3098
-1472
2542
6690
5322
1773
-1978
-3751
-9365
-10949
-2974
14135
24373
15640
-7159
-26165
-25337
-8383
4795
2776
-7765
-14497
-9235
446
4025
-1860
-13216
-22527
-23438
-10218
11358
27966
27058
8194
-9247
-10948
1972
14426
17846
16587
12742
9012
5844
10675
20398
21112
5453
-13280
-17546
-9603
-2913
-6187
-9712
-2498
8106
10422
5487
3655
6687
9588
6289
-3958
-11338
-12515
-5814
2991
7173
3103
-5307
-11661
-13044
-15344
-17289
-14659
-4799
5357
4484
-2131
-7497
-5424
-359
96
-2963
-6070
-6848
-4247
2022
13335
21282
19970
6556
-7105
-8858
2288
12857
12147
2669
-6207
-7072
-917
2585
4396
5106
4352
5979
8908
13042
10849
595
-9171
-10876
-5593
2364
3606
-1422
-8784
-8319
-1127
6984
8865
5671
3053
7871
16777
18447
8712
-1730
-7782
-3419
2281
-1536
-12381
-21120
-18299
-9201
-1933
3077
10294
18031
18685
6826
-7693
-11426
-3560
409
-9269
-19386
-12903
4368
12167
-1725
-18398
-20736
-5181
7126
5440
544
1793
7669
4953
-6847
-13765
-6592
5380
9791
4368
-1981
-1182
-1172
-7103
-15766
-14724
-717
14062
16113
4476
-6492
-4709
8748
17849
14927
9085
5611
8336
8174
7617
10025
15280
14154
2836
-9334
-9465
-95
3327
-6218
-17200
-15875
-1619
10618
13201
8355
4037
-659
-8568
-14165
-9393
1513
4656
-2147
-13269
-17182
-16713
-14829
-9926
2773
14960
11427
-6156
-17707
-9708
10000
18389
10744
301
-2519
506
2544
1129
-310
-159
3118
5013
7644
5015
-2011
-10095
-10946
-3944
7633
13611
12183
4091
-1843
-1284
987
1635
-2242
-4657
-319
11218
21790
20170
5990
-11562
-21359
-17336
-3890
5800
4588
1677
2721
7677
4514
-5295
-9077
2117
15078
12370
-7540
-21911
-13170
5070
11884
2030
-10480
-15089
-13253
-13059
-12715
-3966
8897
12818
3916
-2414
2724
13867
16737
577
-16911
-15409
3150
22444
24454
13050
2978
-347
-2223
-6901
-9929
-4055
11776
24403
19964
587
-16598
-17579
-913
15344
17870
5833
-3339
-2628
1833
3551
1935
2906
9818
13331
13991
12813
10958
5850
-3387
-9137
-3636
6032
6272
-3782
-12069
-7767
2022
1577
-14274
-25083
-19419
-1883
4344
-4221
-11612
-1674
15412
23834
15672
2560
-3380
-4428
-8240
-14550
-12609
-4553
-792
-4210
-8546
-6940
-1011
-1737
-7664
-11201
-6397
-1516
-1055
-4539
-3442
2368
3985
-1702
-6186
-5326
-2148
-4054
-9033
-8410
-1095
5061
1288
-5887
-7361
534
11094
14803
6190
-5882
-10141
-2828
6477
6207
-2002
-7584
-2491
4125
7614
3374
-1050
-1641
2850
6006
361
-11619
-21757
-15514
9370
29482
25677
5452
-9677
-7043
-1708
-5705
-11120
-3845
8549
10211
-3169
-10116
2708
24534
27798
12691
-3953
-2313
13187
27232
22843
6832
-6552
-6172
952
4899
-3309
-16061
-20096
-14272
-3831
851
-198
-4070
-6589
-9501
-7910
275
10928
13849
3809
-11329
-15998
-6500
5237
4703
-8677
-22866
-22277
-11131
-705
-2674
-15273
-22769
-14133
3579
14249
9586
-4803
-11942
-10350
-7743
-11059
-13282
-3603
12862
19044
8472
-6433
-8160
2367
12130
10574
3557
3253
9678
14214
11104
3762
-3452
-4214
-1037
-520
-3479
-5729
-3700
2033
5600
61
-9771
-12041
-1802
12237
13909
1668
-12054
-10833
2721
15456
16543
8321
2873
5660
11829
12516
3111
-7782
-6860
6359
19170
16561
1409
-8171
-5466
1895
-220
-5798
-2537
5957
5312
-8628
-18489
-9300
11279
19911
9717
-7476
-11249
-2582
9141
12042
5610
-6073
-18848
-27855
-24687
-9232
4834
2107
-9344
-13377
-1595
8701
1477
-14134
-16250
-2153
8985
6407
-1460
-1436
-369
-6200
-17101
-15546
-99
18561
23293
12971
-2788
-10819
-5896
7390
13648
6714
-5690
-8865
-1961
6585
11708
16028
17059
9011
-4932
-10506
751
17958
20060
8103
-3580
-3272
-1263
-5412
-8504
-5128
5944
13635
12765
6872
-103
-917
4081
14047
16163
6184
-8746
-14526
-2254
12199
12141
-4533
-19056
-17494
-4966
895
-2318
-3744
6496
19454
19291
5773
-10395
-16570
-14151
-11019
-12322
-11099
-3112
1710
1819
-2601
-4551
-8561
-16795
-17938
-4348
19826
29686
14511
-9364
-16253
1381
22887
26531
6237
-19327
-32094
-26527
-9278
2359
2633
-4078
-9909
-5554
3201
7223
3608
-555
1871
7871
9998
2592
-8450
-14637
-12244
-6393
-6207
-12567
-13694
-5201
8958
17115
16008
10100
3422
287
-5776
-11150
-12572
-7576
2776
7173
1876
-8832
-13131
-6302
5056
12207
8855
-2586
-14817
-22110
-19513
-9034
2608
7580
-271
-14806
-24720
-22794
-11394
-1298
5002
4985
4944
5837
6332
6965
6163
2174
-5658
-11289
-10323
-1568
3340
2331
-3791
-3468
2403
7455
2980
-3931
-6105
-504
7478
13604
13154
9997
6723
5453
3354
-3297
-10789
-18001
-18025
-8713
6757
17116
15990
2659
-12567
-18299
-11520
-3413
-4690
-10591
-9546
2733
13112
8850
-5963
-11760
1836
21284
30307
24987
14257
5146
-4181
-8393
-5808
2013
7129
3040
-5585
-8249
55
8085
10510
5897
261
-722
4839
6809
2967
-8007
-14311
-10921
-2061
4375
3428
1786
490
204
905
2557
3912
-1273
-10328
-12807
-4831
4321
4201
-6336
-13048
-6581
10927
22190
19777
10237
4052
8145
11712
8353
733
-2839
4434
13400
19939
21950
17509
6229
-9443
-16177
-8047
6656
6579
-10979
-28308
-24119
-7068
8110
8599
4572
3304
4084
4502
4273
5737
6346
6285
7183
9984
12513
5976
-6449
-13907
-11429
-4832
369
2061
2147
7794
12859
11818
3314
-9402
-18540
-15862
-4410
6516
8642
2367
-5358
-7477
-2039
10378
21667
25600
16712
1718
-12947
-14799
-5849
8629
14988
8477
-3901
-12882
-13350
-12472
-13094
-10030
-2505
4893
4520
-2879
-10264
-9599
-3252
669
-2086
-9751
-13342
-11879
-4182
3758
12527
17647
20592
15078
5127
-283
3462
11901
15758
11219
6324
7129
10997
7526
-5922
-17006
-17491
-9297
-3947
-8029
-17446
-20965
-13864
-2879
3872
9124
15443
20909
17244
4326
-8257
-11454
-5432
1724
6307
7235
4940
1728
-1550
-437
5325
10215
11679
6672
-844
-4689
-6454
-11895
-20938
-24027
-15383
-1631
2908
-681
-4630
-3915
-1141
-4861
-12847
-17731
-19193
-17541
-15905
-13267
-8116
-3436
3126
8892
9271
3006
-2717
-918
5556
4413
-4575
-8842
-1883
5408
1543
-12152
-18282
-10515
1955
13275
15603
10146
1961
-2490
1328
6182
2736
-6115
-9535
-582
13116
18757
13867
4331
-8919
-24161
-32903
-22355
-1234
7766
-2756
-16423
-14276
1875
12900
7158
-1325
-4423
-580
1303
872
1939
4644
6363
4191
-1077
-10251
-19992
-19226
-8036
6127
8060
-2333
-13717
-15129
-5974
5329
12576
10915
916
-8103
-4048
8109
19256
15928
9921
11938
18157
10215
-11675
-28889
-23423
661
19599
16112
4160
-1704
2003
28
-11981
-19739
-11181
6509
13970
6229
-2146
2305
12279
13033
3561
-523
-525
-1887
-7375
-6786
-1288
344
-9813
-17628
-7465
13680
21013
9858
-2661
232
9790
8405
-2650
-11562
-14489
-14856
-17094
-12166
437
12472
9903
-1826
-4611
5071
15712
12900
-3959
-21161
-24458
-10695
5912
8198
-4315
-17256
-14851
-1670
8512
7115
935
-985
-2905
-11066
-20703
-20483
-6765
8500
14135
4752
-11051
-24513
-24608
-11483
5680
11574
5438
-3265
-523
5966
2783
-9976
-19212
-12779
2109
9943
6793
-569
-869
187
265
-1455
2270
8344
10701
6100
-1105
-2860
-2548
-231
926
-2658
-9478
-14920
-13056
-4478
2628
-1023
-10898
-10114
-223
9952
7443
2781
5702
18932
26492
19989
4391
-3768
1274
13984
21511
18933
11695
2276
-5096
-8390
-8742
-910
6376
8602
4071
-430
230
-519
2068
5971
10315
6439
-5307
-14935
-8052
9917
19211
10951
-1141
-5021
-3829
-5440
-5797
808
7678
3863
-6244
-11559
-2360
8751
9953
1646
-7848
-11369
-12178
-9404
-3095
5075
8294
8318
4112
9
-3419
-6945
-8975
-6703
-3749
-2005
-1830
2825
10701
18376
17025
9378
3226
2266
4302
3052
-2767
-5220
-2002
-574
-7365
-13612
-10977
-119
8058
6092
3053
2163
5370
7383
10103
9689
6484
966
180
4699
8371
5077
-2427
-6698
-6748
-7267
-7321
-3015
6016
9170
71
-14471
-17246
-9437
413
3724
2797
7189
10880
10447
3327
-3387
-8299
-9980
-7395
-1796
4800
3526
-5142
-10976
-4217
8808
15539
8062
-3575
-7188
307
7325
6998
-738
-8816
-11243
-6244
390
6947
10387
9027
5440
1427
1202
2197
2496
-873
-1787
-1382
-2548
-9007
-10804
-4013
11607
22598
19457
4621
-7049
-7294
-4733
-105
4026
8910
7694
-1641
-5863
1677
13764
18121
11257
990
-2042
-3045
-6396
-5922
2458
11620
8984
-2161
-7088
-704
3415
-7063
-23016
-26799
-10934
2102
4417
-2854
-5827
-4261
-4830
-5188
-2783
4274
7251
4448
-6497
-10290
-5979
677
2996
-582
-3694
-1645
3947
6536
2630
-163
4048
13455
15700
3928
-12598
-22029
-18591
-7852
4227
9600
7028
-1621
-5046
1463
10004
5790
-10182
-20495
-12140
7398
16928
10233
2334
6948
17370
15160
-514
-14657
-14434
-3538
1232
-3835
-8791
-5776
108
2791
1958
908
-158
-6422
-14654
-18347
-10813
1458
6763
3410
-5216
-11757
-14762
-12254
-5760
731
1382
-2489
-7464
-12806
-13635
-9294
-5421
-4513
-8787
-10430
-5743
4634
5240
-6592
-21635
-23301
-11059
3741
9092
4531
-664
751
5443
3420
-1280
-959
7338
12011
7949
-1534
-5895
-1080
3421
-1376
-5663
-4757
3553
6347
5035
5625
11065
11855
4756
-6139
-12270
-14111
-14869
-14599
-6458
7110
11945
3783
-8527
-12067
-7045
-2011
-6171
-16540
-20761
-12810
2376
12957
4765
-13781
-24419
-17182
-1273
8137
2447
-3948
-2900
4750
6162
-446
-5117
-504
6034
5067
-4870
-11088
-5856
5680
8083
-1085
-8274
-2462
10669
14532
4379
-5628
-10351
-10786
-16636
-23188
-15242
-281
8851
5086
4035
12237
19947
14070
2449
3199
17687
23130
8719
-8918
-6303
8182
8612
-8522
-22906
-15562
3020
9055
3387
-2724
-995
-3386
-17379
-31071
-29290
-14917
-2006
4100
5401
9033
9623
640
-9939
-10490
1479
12565
10345
-3514
-10760
-2259
11093
12035
2497
-2669
2108
6827
2074
-4438
-3018
4111
3155
-6936
-14708
-8349
6294
11921
2506
-10182
-9659
4649
16855
13196
-4403
-15939
-11701
337
4694
-560
-5901
-2787
1014
-1633
-4260
964
11939
20588
22092
19701
11735
465
-5486
1428
14606
18037
2812
-12803
-14959
-4020
6665
9009
8914
11668
19306
24764
26189
18591
4333
-8980
-12624
-5767
-340
-3108
-5656
1803
17287
22588
8051
-12981
-18460
-4507
15280
20292
12517
1828
-2260
2003
7637
13477
11944
7054
1073
231
1469
835
-3224
-3384
5978
18542
19433
6350
-9456
-16381
-8534
2271
7467
4923
301
708
5930
8164
2764
-7723
-11542
-6306
-889
-7555
-18093
-18175
-4986
4287
-902
-12161
-7673
12995
32806
28298
5506
-14691
-16750
-1476
13732
12783
-1243
-12026
-10973
233
6641
4729
333
-1738
-2551
-3676
-3161
2091
5318
1097
-5258
-2042
3919
2199
-10559
-19825
-16927
-5081
2691
7634
11517
14388
9690
4515
9130
17656
17749
4624
-3909
5572
24610
31969
15577
-6507
-19622
-21913
-20778
-16307
-2307
13534
20167
12947
379
-9928
-11159
-7558
-2887
-1471
-6914
-15580
-16633
-4424
13753
25143
23307
14362
8166
6278
9921
6909
-2604
-15592
-22645
-18321
-6835
82
-2054
-3357
4252
15571
16054
1596
-11143
-12324
721
10533
10046
4106
-3158
-8744
-15033
-11582
-1315
10302
10902
2859
-6178
-8891
-7908
-9329
-7069
-1282
4053
1918
-5816
-7676
-5360
-2869
-5133
-7176
-7519
-3238
-2163
-5569
-8427
-9317
-4363
-2432
-5022
-9875
-8369
1316
11846
10925
3108
-1488
-1925
114
-2767
-6295
-2548
5772
12298
9593
-1852
-12015
-12735
-6867
4517
11523
7182
-1798
-5061
4017
14362
11159
-4175
-15930
-13222
3122
13299
11083
6672
10536
17934
15569
582
-13133
-11911
545
7877
863
-13894
-20748
-20031
-16091
-14174
-15558
-10688
1164
12748
14624
6882
-5725
-14228
-15686
-6615
7501
12279
1457
-13951
-17989
-3981
12920
16102
7846
3776
4287
354
-12196
-20196
-16078
-3348
4648
4440
4701
6245
2641
-9797
-18430
-12869
2001
11567
7922
1783
1673
5886
6874
-971
-8762
-5117
7444
15888
13543
3941
431
5491
14576
16418
10024
2436
-450
940
-598
-3918
-5974
-4043
1608
6779
10209
11612
9251
5186
5084
14564
25981
25054
9767
-6382
-10065
-1765
4343
1957
-4712
-4589
3677
9584
4458
-10038
-18523
-11471
6468
14986
2485
-18966
-27555
-20458
-8040
-3858
-4383
-3489
-580
440
-2434
-2303
3390
8546
9462
6094
3852
4464
4637
3510
2073
-217
-4534
-6309
-2981
2331
6806
7758
7405
7592
1807
-9223
-17531
-15551
-7786
-6378
-11875
-16131
-7823
6694
11029
6063
3762
8638
14494
5532
-14167
-27750
-23475
-6339
6565
7451
1795
488
2577
1395
-1665
1905
11484
15437
3502
-11061
-10799
5118
11984
-3088
-22387
-24938
-9515
3488
-2416
-16751
-18616
-4975
6154
3373
-3590
-2012
6780
8271
-2654
-14160
-12636
-5518
-2810
-6402
-6459
-4116
-7855
-18480
-21629
-10806
3853
6756
-7034
-20213
-20598
-9258
-1366
-282
-594
-43
138
-2165
-6560
-5940
579
10115
14183
12419
7807
6198
6827
4253
-730
-5753
-7868
-5241
-3573
-4278
-4960
-3430
3110
7038
835
-11822
-16614
-3734
15010
19497
4081
-12577
-10813
6342
19218
14330
-371
-7464
-1624
7936
9490
2918
-3175
-5179
-3144
108
2610
3370
2118
-624
-162
969
-802
-7866
-13241
-10700
-3014
1338
-1687
-5668
-3490
-1180
-512
-2763
-1779
3926
11350
10704
-1337
-16019
-19278
-7895
10820
21728
19250
11277
3322
-1211
-2221
259
3773
2218
-2656
-5422
3031
15799
20165
14317
2962
-4881
-7934
-8753
-8912
-5633
-4360
-6068
-7805
-7636
-8818
-8632
-4936
652
4286
2277
-2513
-3630
-2021
3345
8204
12207
9516
184
-7693
-8016
-2044
3664
3776
2054
-1237
-3762
-4337
-5568
-10002
-19675
-27709
-27009
-13439
2365
13227
14220
7605
-1087
-3789
2180
14145
19376
12282
2557
375
7242
14090
16211
15927
17814
19324
13487
2046
-8928
-9870
-2601
3053
2342
790
3218
4139
-321
-9063
-9749
4225
20340
23140
12205
-2160
-12237
-12039
-3955
5950
14704
20590
23133
22938
19516
11283
7380
7024
9711
9442
8264
8022
7925
-105
-14093
-20064
-12476
82
11038
16191
16596
11961
500
-9982
-7050
4077
6287
-4444
-14494
-12237
-4941
-3189
-8634
-6873
5170
17150
16665
7543
-3265
-9666
-12923
-15079
-13249
-4388
6105
11388
7795
-3619
-11657
-9200
-154
4895
2512
551
3972
3532
-7124
-19595
-19470
-6573
2680
845
-2301
1959
11157
10099
160
-10729
-15589
-13243
-6845
-56
-197
-3593
-4432
-1580
1747
-5328
-16741
-18794
-8653
3162
5420
1207
-4126
-10136
-16496
-14889
-2862
4084
-6522
-22810
-24649
-7398
6070
3156
-1630
5651
14551
7921
-8508
-10384
2931
9675
-7522
-29287
-27882
-6718
4113
-11335
-31895
-30578
-8039
10489
9782
-956
-8508
-7961
-4031
-2734
-2480
-4426
-4462
-523
6829
6124
-7791
-26521
-29825
-9045
15384
17214
-3809
-24597
-22791
-4497
6724
2050
-3753
2759
14656
13456
-3538
-18602
-18287
-6519
-1345
-7857
-13276
-7863
1456
4336
1844
4338
10980
12960
3282
-10465
-15109
-6973
1707
4158
-464
-7084
-13600
-14485
-6596
9325
19206
14768
-440
-12341
-9880
5609
17174
17689
10420
2127
-1002
-745
3683
6599
12548
16824
14349
9143
5445
2888
485
-5777
-12837
-15827
-10194
-2476
4063
5753
5702
5078
4669
2798
519
-3770
-7564
-5592
1158
9866
12641
13970
15239
17590
18225
16022
16705
16834
9384
-7829
-21441
-16500
2953
14181
5777
-9359
-9572
5633
16223
6607
-14635
-25204
-17374
372
14845
20454
18560
7543
-5626
-9938
207
15976
20556
13210
4533
5999
10840
5874
-7625
-11600
-4686
-3918
-18648
-37213
-35587
-10732
14828
18211
6166
-3513
-1880
2622
126
-4170
-7755
-4870
148
3965
5075
3734
1746
4162
7904
8884
3619
-3286
-4500
-2198
-3859
-7502
-7745
-2580
5541
12241
16950
17328
13328
4539
-2123
-2841
693
-655
-2383
1124
11909
19578
16808
7832
3173
6900
10105
6805
1435
-239
2117
1545
-178
-536
-2452
-6124
-10630
-8628
-1047
5121
7027
5274
3298
1138
-4765
-6734
-1483
8296
10143
1560
-7135
-8391
-1959
2097
3307
5375
6960
5171
-7050
-18900
-21160
-12783
-4819
-3969
-6621
-457
10941
16793
9261
-3277
-3812
5865
12316
7043
-2787
-10891
-14466
-16838
-16892
-6829
8126
16325
7186
-13211
-23889
-16527
2350
11598
7429
-2185
-1865
10999
20446
13930
-1169
-9097
-5851
-3443
-13095
-26750
-28060
-14909
-2012
-2883
-11844
-15187
-5904
5727
8837
7194
11165
22258
25640
12265
-12354
-21830
-12019
1800
3763
-6175
-7382
8100
24517
24181
9746
635
2519
8168
7598
6229
6851
6481
-501
-9822
-8810
-1738
-55
-11161
-22816
-17718
3588
21530
22689
9048
-3896
-7060
-4377
-1948
-2251
-4380
-4530
-5100
-4119
-2566
-3444
-11286
-20269
-22908
-11297
7143
14193
6366
-5698
-6795
-1577
-4754
-17696
-28170
-19885
2061
14542
8317
-3344
-4928
1710
4134
-1819
-6200
-3343
-13
-1565
-4199
2579
11353
9220
-1803
-8977
-3293
2305
-1961
-12183
-15114
-5930
11371
22798
22107
10336
-6280
-16710
-14898
-5396
3617
9978
13448
11654
2782
-5687
-4633
2810
5613
-1865
-8920
-1680
9106
8991
-2423
-8670
-3220
4576
3886
2872
8949
16490
11587
-6746
-16670
-7392
7144
6346
-9370
-16182
-2450
16411
18055
1015
-11461
-12418
-8746
-12505
-17035
-9226
4725
10935
4692
-2739
-2361
2806
6498
6965
7110
11056
11128
8148
6551
6881
8408
7779
7045
8765
15588
20543
14800
-2062
-21523
-26729
-14480
2422
10451
4268
-4812
-9328
-10609
-12625
-12802
-7688
-1862
-4325
-7483
-3934
3123
6270
955
-2095
3799
12518
6996
-6858
-14823
-9026
-2613
-8789
-18856
-13151
5568
21203
17184
3648
-2273
2280
5034
1386
-3066
2105
10284
9461
-266
-12047
-13700
-9637
-7171
-9930
-7638
280
3321
-3483
-14640
-13788
-1548
7374
8489
8608
19222
29212
23756
1131
-20689
-25782
-14816
-1558
9318
15915
17403
13618
5228
990
4649
12103
15675
10527
-501
-12857
-19076
-15632
-1162
13390
15291
7037
-1881
-2143
172
2696
6415
11214
12670
3487
-15288
-25660
-21289
-11513
-9207
-13963
-13601
-5729
-4
-1716
-5118
1256
12445
16240
4531
-11279
-19838
-22015
-19174
-13783
-2165
9417
10274
-230
-10813
-12071
-2850
5525
11161
16544
16108
6173
-7712
-9846
-1512
6506
6702
2694
6423
9553
3906
-9852
-13539
-3092
8887
6353
-6750
-14680
-4552
11876
18391
7125
-16129
-28901
-22624
-4362
8941
11633
10108
10325
13561
12036
8194
6802
7641
8503
4190
-1435
-6168
-6807
-6949
-2474
4993
16000
19790
14035
-400
-11520
-13886
-10845
-7523
-8430
-6059
-235
7790
12553
11374
7653
4683
1554
-3630
-14858
-22839
-20668
-1955
22085
32538
22304
7101
1135
7751
13141
11522
9234
7864
3298
-5757
-11138
-5577
3321
6489
2853
1736
5312
6000
-1592
-11903
-17312
-17003
-13513
-9400
-5729
-2210
-1172
-1597
2306
5382
7123
3858
-3481
-7484
-5990
3288
16677
20658
12185
-4865
-10657
266
15623
17268
6723
-1993
189
694
-8462
-22498
-23072
-8103
7486
9909
162
-6190
-7012
-5777
-4728
-4023
-270
3965
4613
2565
-2023
-5044
-5454
-3262
-1900
-2163
-3963
-6020
-7946
-9638
-13292
-16423
-16943
-11078
3784
17156
14228
-4048
-23031
-24132
-8739
5097
3067
-5925
-9042
1395
13648
17102
9930
1845
-3113
513
5932
4862
-5567
-13151
-7615
6780
15506
12317
-799
-10955
-11290
-9685
-2626
8803
21451
29075
23210
5973
-10477
-20589
-17034
-6057
4181
5507
-860
-11456
-17416
-15977
-10968
-5544
34
3259
1695
-4637
-6512
-1770
3011
1547
-9866
-18333
-14219
-1131
8809
8588
3492
3518
8378
8993
258
-10464
-10407
-3225
6522
8981
9219
7569
3225
-4079
-8141
-4603
520
-1204
-6844
-7288
2252
9922
8020
-3156
-10317
-8952
-5158
-4990
-5945
-2287
6059
10806
8482
3832
200
2676
-158
-7481
-15535
-14101
-3386
7755
10162
7404
5550
3045
-4892
-13475
-13957
-746
12300
8655
-9964
-22482
-14257
5779
11485
-2646
-21523
-23772
-8949
4866
7201
-803
-7752
-9228
-6266
494
7906
10492
6653
4023
5268
5476
-845
-7512
-4391
6781
11579
4133
1060
11124
19831
10237
-14170
-22415
-3337
20415
19888
-4736
-20924
-13743
3189
5257
-3445
-3795
10455
22507
15876
948
116
13868
22592
13392
-1343
-2328
7334
11024
2622
-7755
-3724
6963
10362
2051
-7090
-4687
3559
7909
1733
-6899
-8449
-6422
-7168
-9998
-2973
13593
20042
9091
-7477
-5317
10284
14198
-2365
-15983
-6144
14746
18494
4965
-2420
8152
17127
10650
1795
10112
28968
30768
8672
-9555
-5752
9866
16094
11567
12518
18550
17189
1162
-13056
-9065
3218
6337
-2157
-6142
2218
12402
10317
1613
-2040
3793
8711
4416
-5897
-12037
-13861
-12188
-9218
-4545
2322
7372
7300
3052
-51
2523
5779
5291
2139
2007
7417
10565
7312
-954
-1043
5098
10508
6522
-2317
-7352
-7392
-6551
-3598
-1098
2053
2289
-124
2208
6620
9396
5204
-2114
-5365
-3591
561
1975
-366
-4516
-7362
-5793
-96
6231
2670
-11846
-25883
-25245
-13560
-5510
-11328
-20023
-15122
1947
11385
2318
-12847
-15845
-3029
9942
12108
4931
-1580
-4410
-8433
-10335
-7427
-1132
1924
-293
-1279
1850
9006
14455
16791
13978
5939
-875
-957
9398
16930
12107
4248
3507
9965
10409
-3636
-16353
-11146
5538
18792
12357
498
-1074
7288
15771
18452
16972
13159
6083
-4558
-9457
-2965
4503
5824
-734
-2024
3519
11223
14064
5101
-11011
-20162
-17138
-2436
11313
11811
4891
1918
9333
19056
15503
1366
-10664
-10174
1006
13515
16410
7603
-3136
-9082
-714
8641
10310
4364
3042
14642
22831
13795
-5954
-16433
-6997
8685
14626
7035
-1373
-4168
-2339
-846
-390
-329
-3819
-9054
-12212
-7597
541
4014
-733
-1181
5284
11929
9094
-3385
-8374
836
16334
24376
18413
7335
292
403
4611
9681
12581
9310
1199
-9145
-10631
-2470
9108
9366
-2705
-12611
-11169
-3051
-1582
-7959
-13022
-4125
9627
16360
9900
-27
-6263
-9646
-12572
-13107
-8634
-1174
3725
1430
-5420
-11114
-13618
-8732
-206
6034
6752
5409
8105
14022
13438
4970
-3385
-3984
4556
11563
9898
-674
-10241
-12595
-5136
2947
1508
-10099
-20790
-17421
-2028
11411
14792
8689
3494
5633
10451
11956
10035
7488
6845
7741
8473
6110
1094
-5136
-8892
-10224
-7961
-6538
-8735
-11814
-10966
-6948
-3385
-6766
-8972
388
17279
23020
7509
-16178
-25815
-14774
1951
5451
-3331
-14770
-16614
-7709
4202
12107
10204
4888
2650
3991
3834
-475
-3935
-2444
-694
710
2565
9001
16000
20317
13242
1210
-5360
-3126
4044
8416
5793
5140
13334
20789
17957
1235
-13588
-12721
-1697
5443
-4660
-20744
-26227
-15530
787
10071
8735
3410
2793
1891
-947
-9768
-15981
-12522
-4357
1643
5817
8851
9179
4285
-4550
-3248
10109
23362
23149
11499
4039
6014
8938
2633
-10447
-15902
-5635
8382
9597
-1248
-15194
-16551
-9715
-1589
3923
9868
17759
21321
15566
6981
6326
13187
15371
5375
-8505
-15602
-13261
-9140
-8682
-7958
-787
10443
18294
15736
5852
-2350
-3023
4732
17644
24631
16253
-4360
-22348
-20933
-2271
15819
18043
4234
-9454
-12720
-4582
5847
9805
4569
-4017
-8911
-5033
3931
6386
-3867
-16416
-16465
2556
17499
14668
-1191
-8489
-1255
6331
6833
4625
8030
12997
10542
1518
128
10470
19905
16787
6376
2208
7518
11140
6638
-452
-1330
4179
9807
10098
9718
9246
12254
14729
11037
2046
-8881
-8345
1796
7003
-2034
-18315
-23162
-10908
8354
17973
14311
7631
4026
1488
-4562
-8987
-7990
-4181
-2805
-5258
-6507
-2060
-487
-7108
-18241
-23199
-12116
5285
17929
17929
6959
-1545
-2038
2660
4842
-48
-7408
-5016
5740
14238
8473
-7278
-13336
-667
20262
27994
16297
-2019
-9470
-4306
2356
4217
2237
3012
2339
-2898
-11029
-16988
-13173
-4284
5250
9088
8287
260
-4616
-4841
1752
4361
-1223
-10226
-10938
-5225
1561
169
-6311
-11392
-13741
-13177
-9145
-5030
-6773
-16064
-19992
-12195
-296
7281
2265
-402
-1003
-2070
-7801
-8415
1272
15789
20039
12764
1081
-1462
1263
8602
11787
4751
-8436
-19717
-15956
-2245
4599
-3764
-16386
-13591
5781
21799
24301
13706
7155
6894
5436
-3565
-13164
-14280
-4988
4344
6160
-2129
-11822
-18122
-19052
-15288
-6755
4140
11622
13129
11618
11024
9040
1565
-8365
-9944
1976
17986
19826
5825
-11432
-15406
-7834
3567
8414
9872
10755
13526
15275
15374
13030
7885
1509
804
6859
16489
20248
14694
3595
-4398
-6445
-2976
1179
3086
2398
636
-92
-3158
-6154
-7667
-1172
10807
21064
18268
6897
-2282
-3341
1009
7220
14037
18943
16198
7401
-1477
-432
5735
10642
7339
3029
3807
8975
13666
13986
9395
3363
1179
5712
13169
15744
9625
-5331
-18806
-26819
-27185
-17097
4077
24369
28452
15044
3293
5752
19270
22557
13223
2684
2409
6060
1444
-7881
-12583
-9078
-2599
948
3522
9279
13278
8075
-10164
-28301
-34672
-25352
-6146
9060
9928
461
-6125
1011
15789
24563
20556
11119
7350
9371
12902
11173
4271
-5330
-12400
-10271
2239
15205
16592
5329
-6018
-3253
5862
4389
-11938
-22100
-8183
19176
34585
27786
14400
9590
11688
6957
-1434
-1330
7035
9345
-4814
-23777
-25698
-7592
11863
18576
11922
2017
-7181
-13828
-11564
-654
9273
7521
-3689
-9613
-6292
-3152
-6493
-6034
5505
21211
21473
4643
-9476
-4386
7753
4679
-15307
-31139
-27576
-14262
-8553
-14816
-16931
-8491
2591
3656
-6731
-17069
-19009
-17447
-12141
-561
12097
19070
7820
-10248
-18730
-9714
3700
4958
-5393
-14892
-12839
-2852
5080
8183
9633
13622
16780
17600
15420
8890
-2292
-15975
-19365
-2738
20371
28081
13815
-8265
-10016
8390
26631
26626
10502
-2906
-4515
-1187
269
1379
4615
5673
5389
6988
13663
13916
5593
-9872
-18168
-10648
5425
15794
13146
3295
-5367
-3979
2238
3679
-75
-3620
1659
7666
4202
-7951
-15923
-9857
868
-265
-15127
-26479
-21473
-4430
8502
13775
14229
14455
13446
8495
-2049
-13928
-17442
-15207
-11304
-10204
-6274
5893
15444
10913
-7518
-21378
-16024
3809
20464
23698
18885
10193
1050
-6600
-8677
-3153
3804
5204
3568
-703
-7548
-18494
-27743
-25286
-12544
-4714
-8358
-14505
-10070
1644
6264
-1525
-12157
-11263
-619
9873
11987
11360
9917
4566
-2966
-6030
-528
6341
6466
2924
396
2031
3129
2902
7052
18473
27161
24130
11046
-961
-2588
1994
7187
5198
1270
-3740
-4132
-184
6942
8680
-572
-8666
-6750
5570
10965
1328
-10728
-12863
-3192
5795
9117
12675
20199
21846
12129
-2146
-8809
-5869
-5454
-6921
-10013
-8003
-6209
-4222
-591
8291
15910
17182
16043
12292
6421
-1138
-7830
-8192
-4114
-2549
-2238
918
8025
15738
14318
7688
1663
-281
-984
-4374
-4375
2671
12520
14051
5042
-3258
-2199
2557
-1397
-7025
-3914
7759
10893
-328
-15575
-16490
-5132
3024
3859
3409
6976
6768
1122
-3451
-4275
-2098
-3125
-4028
-155
3725
3162
-4166
-6899
-7660
-11157
-18259
-20110
-11534
3657
12814
14381
8658
1824
-1677
-7107
-9536
-10968
-7047
-1232
2024
1872
-1620
-797
1734
2506
2003
1606
7719
14460
15325
7538
-214
-778
3142
1816
-3324
-6862
-7034
-9831
-17435
-22428
-19183
-9191
-1434
-686
-4755
-9003
-11208
-9466
2
13903
20446
11706
-5246
-13500
-7792
2220
2200
-1083
-235
5349
9019
5969
-676
-8052
-9801
-5050
5492
14275
11958
3236
-6503
-9800
-6826
-146
5919
8572
4173
-2098
-5987
-876
7900
10867
7703
1765
-3235
-6513
-8461
-9145
-7990
-9973
-9182
-3091
2087
-1067
-12576
-18916
-8270
8099
16368
11263
-737
-11715
-19906
-22941
-16293
-5232
3628
6995
7736
8232
6028
-3044
-9286
-151
19702
31623
20850
2211
-3961
7680
20153
18913
6742
-602
-478
2912
-289
-6370
-9251
-9532
-11547
-11746
-5543
8143
18524
12832
-5484
-16101
-8613
8277
13836
4983
-9744
-14174
-9360
-6352
-5186
-817
7421
11060
2457
-10072
-8089
4551
15770
15419
10247
8732
14025
17377
17698
18305
16018
11411
9313
14155
22086
21257
11363
3247
7592
16416
16859
10312
6867
6213
7408
3020
-1419
2570
9305
15449
16338
11656
5237
2277
5678
11275
12045
4351
-2627
-565
4225
2147
-7857
-19036
-21504
-14679
-7295
-5961
-11241
-14009
-12044
-4931
1567
6878
14522
21959
22609
10662
-8106
-18420
-17450
-11560
-8483
-8330
-3401
5898
11720
8304
1485
1288
5994
8582
4747
387
954
659
-8538
-24932
-35473
-29945
-9264
6296
9846
1369
-8002
-12535
-8888
-2207
3392
4370
273
-3945
-3764
1532
8447
12717
10369
-440
-12391
-21313
-20348
-13055
-5150
-2623
-6090
-7577
-5369
2834
3349
-3307
-12778
-13283
-3408
5274
1685
-10323
-16393
-9096
2880
8038
5160
2823
4922
6261
793
-4639
-4565
2175
5660
4296
6908
13261
20007
16823
6835
-4195
-9607
-10378
-10257
-7100
1497
11402
14035
6002
-4827
-9996
-8827
-9056
-9319
-3743
8879
14862
806
-21750
-28255
-14301
1299
1762
-7115
-6992
3480
8430
-155
-11347
-9281
2006
11026
10425
3316
-4292
-7918
-4424
174
4373
4738
3592
-1426
-7271
-11707
-10767
-5593
1661
3551
2982
2835
6031
10929
12852
8850
-277
-11574
-15231
-12545
-6859
-4590
-4719
-2076
1418
5434
3265
705
890
4765
7232
6631
88
-6276
-7470
3514
16279
19434
11375
151
-2521
1889
6299
8638
9122
8649
4876
-3149
-9958
-11924
-9032
-1112
7739
11100
7447
4554
8687
16721
18834
4347
-12795
-19565
-12003
-5080
-7678
-16499
-22599
-20063
-13658
-10149
-9527
-7929
-7005
-4471
-1134
-1348
-6064
-16628
-21998
-15734
-3930
3002
-1869
-11425
-11817
3147
15775
15017
5132
4614
16753
29463
24646
3980
-12585
-10540
3669
14227
13282
3848
-1987
-157
5514
7432
3073
-3118
-4011
-3150
-5824
-13170
-17239
-10566
-1037
-531
-7309
-7109
3074
11021
5491
-5193
-7166
-759
2707
-4355
-9529
-5521
465
148
-5955
-5398
1390
3275
-836
-1932
11389
28348
30464
15979
-164
-5008
-2116
-2830
-4954
-4948
3456
11132
9835
-19
-11939
-14024
-10117
-3727
-1113
-2828
-5613
-8539
-12315
-16535
-18396
-10123
-251
187
-11795
-26106
-25220
-10812
2978
4707
-2033
-4399
-999
2043
-3894
-13045
-13385
-420
19185
28169
19271
2272
-11751
-15993
-15194
-13058
-5666
5701
13698
10839
-379
-10040
-10489
-2262
5711
8229
4328
-2019
-7524
-10197
-8539
-7164
-4185
-2302
-890
-1109
642
1841
4636
1136
-9304
-16664
-13406
-704
10294
7752
-2880
-13933
-18752
-18144
-13605
-6308
5439
16689
21562
17868
7923
5450
12340
21097
17133
4910
-1469
6471
16214
13643
1959
-4016
1821
8008
5263
-684
568
10711
13817
7265
-966
-3724
-2433
1318
5118
8360
6416
-2738
-9458
-8381
-2962
-3986
-12975
-16430
-10712
-1257
465
-6442
-8206
-389
10655
13931
4863
-6328
-7680
1826
11976
9118
-7121
-22817
-23978
-12712
-2924
-2391
-5280
-5493
-4819
-5813
-4025
871
7734
6289
-955
-6405
-5071
-1366
-2634
-5713
-4223
5251
19461
24453
14111
-2632
-12045
-6425
3275
5114
-2614
-8186
-7092
-2546
-762
-2928
-6789
-11486
-17554
-19067
-15303
-8586
-4224
-732
3881
6824
7623
7914
7809
5377
-3948
-13706
-13195
-987
13532
14619
5219
-8792
-13908
-9383
592
7370
4721
-3455
-5404
2322
12242
12157
2419
-7180
-6847
1790
8510
9704
9854
13579
22205
27586
24410
12563
1808
-1736
1641
4022
62
-4582
-3658
5425
9830
5729
-597
4572
14088
13170
-6778
-27008
-26326
-5622
13387
13157
3088
2745
11853
16147
5776
-9178
-15362
-7767
-1834
-4126
-10601
-14037
-13070
-9911
-3181
3866
8802
5950
-266
-3524
1885
9897
9203
-251
-9237
-5017
9335
21239
19940
9355
4390
6157
5042
-5134
-11803
-5768
7455
12437
1781
-11529
-8548
6840
19684
13663
-6198
-22899
-19941
-1287
17084
16968
5878
-872
2657
3957
-7843
-19436
-18012
905
16998
18153
9681
2761
-1285
-1975
4335
13090
16272
11122
-1927
-10383
-11972
-9434
-6819
-3274
-142
2074
2319
3768
5978
6626
9901
11759
14878
14256
14217
16414
17603
10532
-1856
-6945
1458
12411
13251
5892
4349
8830
4894
-10145
-22842
-14463
4786
15355
4489
-11825
-16307
-8291
-4538
-6941
-9384
-2802
5643
4383
-5862
-15745
-14790
-4207
5524
6360
-3441
-11338
-7364
5252
11905
6008
-89
5047
19270
25149
18346
8542
5021
99
-8985
-17164
-11903
4533
15117
12810
6590
9490
14273
10511
-2118
-12122
-12290
-8005
-7271
-6728
-125
6785
5717
-4186
-10318
-5362
5486
10402
6678
4945
7362
10451
4350
-6204
-7821
-1100
3368
-1473
-10105
-11640
-6864
-6088
-12987
-22172
-21507
-12101
-291
4872
3276
355
-5440
-9839
-8474
1753
18651
27062
15292
-8314
-23889
-22141
-6695
9130
16419
10588
789
-9535
-15258
-11896
-2316
7275
9598
4770
2330
9744
16712
12428
-702
-14243
-14419
-4713
5049
8275
8272
3844
-1825
-7066
-8941
-4528
1867
7201
7428
6323
5509
2417
-1462
-5121
-6475
-2228
3543
8603
9226
7299
7280
10568
7524
-3265
-12739
-7486
9321
20941
16905
4696
499
7367
14058
9472
-2228
-8419
-3731
1985
252
-8837
-12303
-5064
6554
10284
10054
14299
22953
23328
8007
-15358
-29120
-25212
-11558
-1004
4729
7085
5753
2826
-506
-294
30
-2401
-6666
-7778
-4516
2622
4907
-2006
-11845
-15964
-11288
-1969
4015
2810
-1253
-3941
-7647
-14089
-17279
-14454
-8823
-5100
-2750
-2003
-1301
-6123
-11707
-12625
-6404
1362
2541
-24
50
2896
2178
-237
-1619
-1462
-1997
-3413
-2784
-1201
-3924
-12825
-23141
-25070
-18537
-10992
-8150
-3954
1980
6835
1873
-10263
-19967
-17590
-8853
-2276
1317
8503
15636
10368
-9999
-29799
-27195
-2140
20376
23914
13435
8568
11828
12680
3588
-6567
-7417
-2814
3484
9004
17950
26922
26078
8282
-12840
-19114
-6620
7904
7423
-420
-2570
3211
6641
2706
602
5099
6192
-5453
-16080
-13265
477
4874
-8880
-20055
-15355
-2247
4373
3462
2319
4449
890
-9449
-14117
-7088
4996
9908
7881
424
-9510
-14922
-11075
-475
10153
8273
-2972
-11570
-10899
-3081
6088
6542
1389
-4123
-7587
-7101
-6431
-8939
-9038
-2379
6503
8231
1143
-3275
-1934
-1079
-10672
-20508
-12488
7633
15639
84
-22988
-25190
-7535
7548
3546
-6908
-13210
-9303
-1330
2805
-1392
-13582
-25856
-25585
-9434
8464
13028
2890
-4302
-1985
6572
11820
12935
12641
10673
10334
9707
8891
4254
-4965
-11563
-11447
-6040
-8551
-18506
-25979
-17151
3578
24368
27533
12311
-8080
-19109
-14537
530
18415
30448
33769
27253
13773
1371
-3033
2058
6314
6596
5992
4619
3765
-437
-4402
-3675
6247
20648
32794
32617
23039
5379
-9379
-18522
-22207
-22735
-17499
-3419
14374
18560
8308
-6153
-3940
7947
10827
671
-6368
3401
13205
8627
-5935
-10802
-2233
2529
-6965
-17723
-11525
10180
20730
10255
-8914
-14219
-4073
3583
-3778
-14919
-15459
-981
13383
14916
7864
3362
7039
7040
-2314
-12921
-14886
-12523
-12867
-16669
-15835
-9058
-7356
-12975
-15074
-4941
11838
21089
14821
2425
-4927
-3190
1214
3564
629
-805
-2699
1444
6293
13533
18971
17575
11446
6207
9917
23231
34255
28809
12317
980
3504
9159
5796
-7352
-12416
-6242
3422
4553
-1905
-5988
-3404
-984
-3070
-9633
-11683
-8541
-3682
3701
8910
10621
8058
5479
3729
2789
-619
-7411
-7844
-455
5194
4759
556
4437
14143
21408
18437
9548
5876
8537
11246
8088
3487
410
-2436
-9859
-16206
-11309
3084
16907
16018
1956
-7712
-1798
7486
6355
-4876
-13787
-12426
-5556
-845
-5124
-10855
-15060
-16524
-11907
-8249
-6791
-3990
3637
13416
12832
3606
-2868
3021
9972
10825
7863
10748
17895
18665
6540
-4028
-4729
-534
-1626
-4696
1455
7735
5020
-5588
-10084
-1607
6497
3906
-3765
-3227
5544
8775
3372
-861
2485
7611
4613
-4979
-9070
-2545
6992
4826
-2906
-3699
7030
16368
12377
-15
-6318
535
11796
16341
10517
1222
-5240
-6506
-1056
8304
11724
4274
-6948
-14137
-9666
-1823
824
-3088
-4745
-2808
-2864
-5451
-6042
1569
13777
19794
10681
-5527
-15377
-11971
-5458
-6278
-13698
-15167
-4306
9315
15929
9611
-2677
-8140
-4803
5637
12883
9340
-1859
-6623
2052
12828
11209
-7867
-29548
-31491
-12111
10596
19905
13208
4911
7174
19431
26839
21237
8004
-656
2077
10070
13905
8688
-2400
-10344
-8458
1507
11466
11046
2273
-9674
-13352
-10067
-3036
4961
7681
-51
-8514
-3853
10255
18104
11683
1783
5588
20424
26840
13500
-5021
-9768
-3887
270
-2899
-9934
-15146
-15555
-11148
5113
24691
37099
30481
13024
974
4315
13731
16932
10067
891
-6288
-8465
-13474
-20362
-20000
-10299
798
2156
-4530
-6798
-1342
6415
5375
-1277
-241
8655
18777
17031
4886
-7556
-7152
5224
18416
20660
15445
9820
8461
5073
620
-2615
-2772
-4410
-11345
-16636
-13060
-2614
5121
2299
-834
4902
9830
4588
-7401
-9249
1232
11145
4847
-9894
-19309
-16496
-6386
3825
9810
10113
7857
10570
18490
22230
12983
-2849
-8881
1961
19594
26279
17933
5492
-241
725
1353
2250
5140
11651
17240
14570
4837
-1616
39
10721
14619
7123
-1569
-1687
3763
5048
-322
1058
12050
18559
11254
-3903
-9327
793
11984
7012
-7610
-15900
-11246
-2509
162
-2908
-2553
4644
15670
16744
9801
1859
323
3935
3546
-1862
-4186
-681
4128
5054
-1384
-3572
917
7181
9748
10115
12952
13275
7002
-7168
-18979
-17035
-6147
86
-10675
-28715
-36893
-25594
-7884
-1925
-8118
-11902
-3696
6052
1569
-14626
-22512
-14894
-20
4564
-2388
-9915
-9585
-3170
-3302
-11635
-19595
-19012
-6121
5554
7868
-544
-3845
3018
11912
10818
2812
-1535
-1797
-5223
-15297
-23657
-23910
-18077
-16828
-19100
-13498
1724
11846
2248
-18461
-28501
-17820
-1243
5980
6992
6315
7877
2620
-9066
-15600
-9070
5703
14987
7883
-4527
-6031
4988
16726
14606
892
-7983
-5872
-1485
-6955
-21392
-26740
-13890
6036
11387
-2481
-17023
-15636
-3497
6457
5175
-2469
-5571
-4177
-2529
-3752
-6537
-4239
1931
6459
4045
-2604
-8184
-6349
1549
10390
14152
13162
8433
2891
-2621
-3861
486
7088
11411
9259
5993
2785
30
-3352
-7953
-9422
-6302
-1660
3945
4081
-267
-2798
-625
6191
13059
11961
6928
885
317
459
2413
4878
6849
3809
-5566
-15931
-20791
-12765
-654
4412
420
-5942
-10725
-8267
-5826
-796
5103
7649
6765
1826
59
7084
15906
13853
-2611
-17939
-15415
2639
18634
15238
-2759
-8985
3259
16489
10922
-7974
-15642
-309
21020
19946
-637
-18668
-18842
-1750
13753
15776
4630
-7949
-12165
-3328
3762
-892
-11200
-9073
7327
25698
30829
18653
3410
-3314
-2159
1345
1915
5682
10956
14919
10326
-2542
-14660
-18645
-13042
-5401
-3089
-2117
836
-140
-3797
-8343
-6891
467
6679
5278
-2699
-8934
-8958
-5046
-1620
-5214
-10239
-11622
-5145
454
1274
-1724
-866
1175
1921
-1681
-1321
6137
19026
28222
25950
14241
1684
-2307
3262
6150
3763
-666
1099
6573
6485
-1650
-10503
-13976
-12908
-7833
777
12061
16154
9574
-1303
-5422
-3737
-2063
-3004
-334
4702
3170
-7454
-16874
-16990
-7261
-1961
-3206
-3639
2321
11019
12093
6192
-885
-2615
1836
8712
13001
8858
2688
-698
4275
10458
11213
6464
3271
3812
5278
3802
5666
17327
28929
32722
25985
17196
14631
11430
3874
-4694
-3887
5693
13925
12655
1068
-9453
-17748
-15483
-5874
8914
19281
24355
22877
16890
6613
-5611
-9207
940
21646
30714
18003
-5156
-16772
-10446
-2181
-6833
-16966
-17123
-6588
-1203
-9323
-22780
-24220
-13554
72
5250
3488
-729
-692
2599
4895
3666
345
613
2330
361
-7854
-14646
-10210
-1219
-7020
-22331
-27028
-6482
15802
11012
-16331
-30595
-11580
18572
28674
14721
-2260
-5864
-808
3353
5910
10598
14550
10574
1077
-7948
-10660
-10052
-9058
-9456
-10491
-15045
-16778
-15740
-6124
6846
7292
-6053
-24339
-24301
-4093
15027
12828
-8451
-23627
-18784
-8151
-6489
-9739
-3551
7245
10349
-1516
-16170
-24162
-22450
-16441
-6064
8817
19308
15641
4258
-329
1206
3625
1700
3874
16930
27171
22355
5238
-8330
-6359
1430
302
-5518
-5117
1773
4376
-1656
-7076
440
17212
25368
15719
456
-9046
-8304
-2540
2703
9065
14193
17502
15073
8740
1876
-2976
-2426
2420
10273
13833
10944
8630
11284
13843
4957
-11136
-20790
-13578
1599
6219
-3486
-11225
-8480
708
5456
3123
4565
4960
453
-9314
-18812
-18929
-11415
-2138
1268
2470
4380
12586
21281
23978
12935
-3150
-9557
-2106
9571
12184
5941
-458
1978
8186
7795
3566
-265
4303
7381
2711
-5083
-4361
8014
18874
16796
3794
-5816
-3818
-168
-4743
-8271
-5271
2936
3904
-2559
-5474
-369
8358
8413
1016
-2969
245
9400
14835
15492
9217
-277
-11190
-15389
-9596
-983
2379
-5563
-14758
-13394
-4530
2973
4201
945
91
-686
1911
7178
13050
14981
6915
-9436
-21349
-20825
-10123
2435
10711
12921
12341
8840
2105
-4942
-7550
3765
19417
26925
18383
8204
7201
13429
9207
-5056
-16824
-12685
-2672
-1003
-12789
-20925
-13666
2928
16539
17280
7323
-10403
-24928
-29674
-20466
-2697
12153
14818
7600
-2729
-6502
-6649
-1268
2
-1536
-2337
-1300
830
-763
-10169
-15176
-10795
2349
15203
16400
11265
5987
3120
-1007
-5311
-6639
-1561
6641
7786
-494
-13129
-19781
-14303
-2399
8172
9610
2563
-2852
-3412
543
4109
546
-1492
4797
15835
15477
-557
-17444
-16954
-623
13063
7194
-13861
-27223
-24957
-17400
-14322
-15623
-12507
-4030
1663
-4244
-17261
-24056
-15906
-1897
6586
5956
-87
-2201
-1093
-2754
-9803
-15243
-14055
-7929
-5894
-10732
-16484
-14272
-780
12888
16468
11020
6634
8212
10198
9290
5702
2621
2293
344
-2511
-5204
-5246
-9738
-18066
-25333
-27614
-22061
-10338
-1316
359
-3959
-7193
-6015
-1218
1272
1127
1379
3613
3143
1136
-2706
-4841
-8578
-11586
-10769
-5061
289
-929
-5967
-5525
2265
7398
6546
1736
3416
9318
12112
9969
6371
5883
11945
22714
29152
23810
10411
1028
3789
10145
9611
-469
-2375
8104
18262
11929
-3497
-13985
-8494
6198
13193
10859
-2469
-16547
-18337
-5048
12458
14989
-1143
-17693
-13760
2595
9416
-1433
-12056
-8439
5650
10476
-1007
-15098
-16101
-7267
-3227
-5490
-3186
8298
22036
20677
4700
-11483
-13803
-1956
8756
8534
-3440
-15896
-17897
-5922
4174
-1702
-22251
-33438
-20787
2841
13686
3442
-7468
-488
14824
14632
-5768
-18673
-2028
26752
36550
15291
-13333
-21959
-12699
-5108
-9554
-16706
-12582
-1254
9702
10624
3585
-4335
-8689
-7180
-2701
2471
5550
8418
13594
15812
9577
-3932
-11928
-4347
6742
7360
-3816
-14364
-12978
-9786
-14870
-23954
-24181
-8896
7469
12575
11550
11714
14915
14659
7362
512
1562
5952
5080
-4355
-16527
-16218
-4813
4250
-2207
-15268
-18575
-7495
2829
1353
-5129
-5693
-441
749
-3545
-3271
-266
2149
-831
-3015
-1377
-1379
-3102
-40
8645
12585
6230
-1676
-898
1298
-8621
-27560
-35499
-23953
-6342
2293
1575
2607
7859
10127
10043
9803
11308
4618
-7688
-14008
-4770
12188
16948
6102
-7810
-15216
-15697
-15110
-12263
-9585
-8840
-11069
-10970
-4434
942
-132
-4878
-894
11746
19757
13551
-2138
-12001
-7841
2779
6313
1027
-5516
-7683
-3388
214
3510
5278
6577
2658
-2187
-1574
6613
13243
6792
-2762
-2857
7525
13608
9947
4374
3275
2213
-7604
-17330
-13781
-169
6646
617
-8722
-9605
-1796
5016
4193
-1664
-6294
-9508
-11807
-15405
-16075
-11089
-1145
2398
-2893
-13090
-14734
-3389
9383
14269
10123
6602
6184
9645
12982
11027
5955
520
1868
5229
1202
-9261
-11931
236
13461
13639
1798
-987
7382
15185
7831
-2884
-7337
-3039
1813
2616
7721
15532
20939
19839
18054
18506
14233
4727
-3756
-2861
7159
13482
12091
6072
-2240
-11984
-17931
-16790
-8175
-1835
323
-984
-884
-2905
-13138
-24244
-23476
-5066
18459
26672
17202
2551
-4972
-5601
-1304
2932
3626
743
-6247
-9030
-3012
5424
11454
15679
17729
15615
5912
-3461
-2556
5587
8081
1176
-7906
-3392
6116
7880
-2069
-11466
-7323
3775
4364
-5876
-18780
-20106
-8761
5831
9179
-2137
-22787
-34708
-28614
-10168
4090
2442
-8907
-13436
1488
17727
17505
-4590
-23147
-20316
-4168
3174
-7828
-17867
-12684
-888
178
-13659
-20937
-10492
6785
9870
-3219
-14091
-8707
3125
6471
605
-5016
-4623
-3772
-4525
-4906
1387
8775
9254
2758
-1344
1529
7684
13046
15183
15863
17081
15361
13076
10737
7553
5782
1199
-3136
-7154
-5240
2386
8783
9116
4386
4387
3394
-4338
-18758
-25798
-15891
212
7636
3376
-3053
-2605
1293
3292
6185
9345
3384
-10443
-19774
-10153
12099
29652
28872
13063
-1621
-10125
-13509
-13527
-8299
-1900
1710
-1128
-7675
-6050
4645
17135
14515
-6406
-25190
-22154
-848
12221
6895
-7873
-10569
219
7349
1830
-7439
-8665
-6258
-7280
-11861
-18570
-19789
-17026
-14040
-9874
-3979
-2686
-3628
-6068
-4504
492
2449
19
-3690
-3230
2968
9950
10368
1740
-3283
2824
12052
10664
-4778
-17187
-15498
-2631
2302
-6573
-15708
-14167
-4957
-1842
-10004
-14883
-6414
8406
17399
11429
-2421
-12696
-16454
-14242
-11322
-4102
4607
10668
9781
4535
551
1115
3035
-3435
-11613
-10056
717
10195
4381
-9726
-15605
-6282
10033
16928
11009
1184
-6340
-9538
-4583
6421
15576
12579
-1875
-13897
-16473
-13335
-12555
-14013
-8881
6594
17834
14461
966
-12491
-12122
-3940
860
-1851
-10252
-15620
-10932
1895
8333
2823
-11679
-18708
-12634
-3630
-2583
-12892
-19956
-16880
-3295
8467
13366
11091
4678
-3741
-9975
-12726
-11186
-6103
-2392
726
5263
5885
2001
-538
4359
9836
9412
-402
-7009
-4810
1989
2756
-5869
-9678
-5082
2894
3352
-959
-617
4643
4483
-3741
-15368
-19496
-11521
-3098
58
-350
-1416
2382
7534
7177
-1363
-9434
-12223
-7241
-103
6213
10688
11492
7999
3876
2208
3152
3613
2462
-1089
-5845
-5293
-195
6417
8619
2416
-8040
-11501
-6620
-149
1112
-1607
-3821
-6519
-8764
-6911
1968
14746
20843
16685
6771
-70
-4240
-7049
-9970
-6950
1913
8553
6541
-2491
-7135
680
9340
6313
-4945
-6775
4845
18323
13597
-3772
-16778
-18837
-18521
-22035
-20449
-10148
-2351
-8203
-19388
-19329
-4640
4809
-4929
-23042
-28753
-18184
-3193
1637
-831
-1241
1067
422
-9501
-22331
-22385
-7637
10009
14574
4097
-9070
-15727
-16214
-19169
-24912
-26208
-16897
-2590
7821
10057
5807
-594
-3657
-1685
3361
9168
5949
-2809
-12574
-13767
-4965
4426
6244
-2196
-12021
-12013
-4223
2134
-1981
-9855
-9989
-1586
4444
1416
-2789
442
11537
22299
24519
18777
6594
-4683
-4728
7930
18874
14612
-2564
-13248
-6047
7586
8409
-1774
-3872
8801
21960
20346
4088
-10526
-10045
1798
11689
12734
6832
2106
67
-4752
-13239
-24156
-24454
-14473
-2108
596
-2518
-1583
2898
1457
-7246
-14803
-4335
15723
25791
16746
1239
-3226
5096
11795
4089
-9166
-11808
-2997
8576
14563
14193
14862
11317
4249
-2792
-2400
3357
2520
-7679
-17540
-15785
-7819
-8724
-17513
-23379
-17359
-2732
5335
2131
-7916
-15864
-21208
-18095
-6454
4680
7040
1385
-4236
-4506
-4740
-9675
-14251
-14671
-8034
-558
4392
8030
11491
10858
2616
-4661
-3307
2541
6774
5932
4926
7937
14088
13717
4144
-4978
-8535
-4133
-577
-2027
-9300
-13275
-6497
7170
15832
13929
10131
8028
7509
3415
1926
4825
13872
18484
15646
13140
18238
23932
19931
6953
-1201
1376
10749
11143
580
-13188
-15827
-5655
3395
1941
-8260
-12743
-8653
-1037
-1799
-5800
-6761
-632
2044
2947
1963
-467
-5557
-13743
-17656
-15948
-11439
-6732
-4880
-5186
-10164
-12052
-7556
1811
4010
-2391
-11464
-13265
-8154
-8376
-11179
-9799
-4947
-8107
-20177
-23773
-5609
18653
22757
6799
-7336
-584
15057
15639
503
-13085
-10648
1462
9590
7976
1787
-7955
-10796
-7225
2119
9725
8569
2399
1808
4922
5125
618
-164
4702
10482
6171
-3606
-9394
-5994
1351
2003
-7279
-17433
-19351
-11024
-3347
-1289
-5766
-13188
-18218
-19702
-16636
-7499
3546
5566
-2651
-13846
-19221
-16626
-11320
-8234
-1286
6275
7819
-4437
-20890
-29181
-20245
-3351
8185
7156
2119
-3750
-3806
-1708
-1976
-8588
-16042
-18762
-11768
123
4689
83
-5521
-2657
9738
18399
15614
6102
-2415
-4926
-7722
-10910
-13810
-11722
-6462
-1803
-1334
-1436
-2621
-2731
1064
7960
12005
10732
4390
-2318
-3052
-1580
1356
457
-1574
2002
8088
10069
6116
2927
5235
12850
17881
10314
-6679
-18610
-15848
-2481
7801
7249
-757
-4931
1017
10031
13940
9144
1601
-849
-2140
-3935
-6135
-2261
10118
19424
14600
-2244
-11705
-6539
6418
12227
4341
-4675
-3438
2900
3406
-1409
-3972
5490
18034
22002
14235
2990
-4018
-4992
-3354
-1337
2878
8384
11215
8585
5435
6737
12488
13004
7007
90
-3497
-5059
-5858
-5015
-237
3535
3731
-2278
-4139
1045
4871
1718
-4728
-5752
3028
14468
17345
11380
1182
-3448
-1736
4681
4662
-1585
-12215
-17318
-11896
-1393
5191
4139
-2975
-7019
-8801
-9172
-5220
4923
19438
24633
10090
-11656
-18917
-4013
13483
8547
-11541
-23150
-12093
4447
6637
-7277
-18342
-12147
1329
5558
1930
-967
1214
1852
-2547
-9047
-10015
-3702
2377
798
-2969
-4289
679
9195
10041
2496
-8149
-12710
-8506
-1076
2363
999
-1280
1056
6513
10004
4454
-1291
-2886
-1034
1517
406
-913
3124
10790
16924
14309
5864
-464
-3019
-1981
-6034
-13208
-13066
-2653
13547
21394
17663
9030
5187
6938
5665
-1617
-12435
-16053
-8747
260
533
-10907
-24240
-21998
-358
24724
34684
21505
2266
-5385
1556
8917
6324
-1453
-6028
-6078
-4782
-2513
-1705
-3537
-6242
-7006
-1938
5579
5129
-5146
-15526
-11850
6059
19752
16185
-806
-14823
-10534
2226
6107
-5788
-22704
-25692
-6931
16470
24316
11509
-3029
-3711
6050
10994
6100
-1369
-6438
-9991
-7915
-2644
-420
-6052
-15184
-14788
335
16594
14714
-31
-12028
-11705
102
12168
18904
21484
18425
10258
-448
-9622
-16338
-18246
-11974
-2951
1358
-2318
-10278
-7487
2975
7166
-4065
-21492
-27161
-14788
1860
6023
-4806
-14499
-16077
-9789
-6585
-8603
-8329
-805
7481
8713
3902
3336
11714
23219
25200
11614
-8450
-19255
-16201
-8983
-8020
-10237
-7453
3570
13977
15064
9511
5006
7274
9952
8234
7245
10058
16678
21465
20083
14572
11192
14055
21264
27004
25894
16368
3242
-4164
-1006
7678
11471
6075
-5224
-11089
-10090
-5271
-1494
2722
4681
3839
-2802
-6931
-4933
-2562
-6497
-11864
-13259
-8801
-4595
-2469
4133
12661
14803
6873
-2772
-575
7354
12856
11647
11437
14189
14008
6541
-120
418
4179
3909
654
-4082
-8519
-15497
-21767
-20342
-11786
-8163
-12728
-20525
-18131
-1999
17236
24241
11816
-8102
-18866
-13694
928
11321
11274
6008
831
-2519
-3725
-6
5101
8680
3894
-7784
-19078
-17487
-5122
7318
5037
-5842
-10677
-3099
5709
3337
-5366
-5431
1448
2477
-11407
-21400
-10198
14509
29331
24011
8129
2160
9855
15517
11504
4223
6511
14836
20095
14698
4848
-1987
-4586
-2924
2196
10519
13916
4114
-10639
-16675
-6849
5685
6972
-4153
-15841
-17310
-4150
10025
13371
4193
-7532
-2947
14250
23128
7191
-18281
-27681
-16359
-4670
-8529
-13973
-5696
11358
15360
292
-12546
-7519
8511
13511
7671
2588
7225
7869
2646
-1555
5208
11185
451
-18589
-21616
-3875
12582
5359
-15344
-19317
2763
28089
34471
21769
8221
804
-4730
-10370
-11082
-2652
7577
13191
10333
4752
178
-4360
-9582
-7897
-2981
2191
